

Instance: c104_21
(venv) D:\02_Research\Project_python\GB_ACO>D:/02_Research/Project_python/GB_ACO/venv/Scripts/python.exe d:/02_Research/Project_python/GB_ACO/ablation/without_GB.py
0 986.0648166713781
1 991.2142861888266
2 987.5902620985348
3 989.280473482667
4 988.7568841093919
5 992.0979192673402
6 983.1405310327709
7 988.494377365985
8 983.5023323271216
9 991.381530566666
10 991.8146598320106
11 992.3504176946576
12 994.0172368570073
13 986.4108238260976
14 990.7428431260065
15 988.9292910824347
16 988.3206258788211
17 986.2463618230872
18 989.6033973079686
19 992.796863124885


===== Final Results over 20 runs =====
01, 19]]
routes_dist     -> mean: 510.13, best: 502.64, worst: 514.69, std: 3.13
routes_cost     -> mean: 989.14, best: 983.14, worst: 994.02, std: 2.93
dispatch_cost   -> mean: 360.00, best: 360.00, worst: 360.00, std: 0.00
travel_cost     -> mean: 302.21, best: 295.55, worst: 306.17, std: 2.58
service_cost    -> mean: 300.00, best: 300.00, worst: 300.00, std: 0.00
charging_cost   -> mean: 26.93, best: 25.28, worst: 27.95, std: 0.73
routes_num_charge -> mean: 3.00, best: 3.00, worst: 3.00, std: 0.00
running_time    -> mean: 92.60, best: 73.24, worst: 122.27, std: 11.92





Instance: r104_21
(venv) D:\02_Research\Project_python\GB_ACO>D:/02_Research/Project_python/GB_ACO/venv/Scripts/python.exe d:/02_Research/Project_python/GB_ACO/ablation/without_GB.py
0 1152.5545671567263
1 1148.3295557426436
2 1144.5260789024223
3 1155.7971877268578
4 1149.81661873446
5 1153.8921128597342
6 1147.1232926292798
7 1149.6405631443708
8 1152.504023765331
9 1150.6213375052841
10 1124.2606024834063
11 1161.4799743463927
12 1153.487718374872
13 1152.8540861899342
14 1163.1923127920109
15 1142.7917168882477
16 1151.1287770643903
17 1150.4993885947938
18 1147.5415725317562
19 1147.335472886096

===== Final Results over 20 runs =====
Best run index = 10
Best routes = [[0, 48, 97, 98, 24, 100, 99, 55, 56, 92, 86, 87, 41, 51, 91, 4, 72, 30, 102, 54, 71, 22, 90, 52, 109, 83, 31, 111, 84, 53, 7], [9, 57, 70, 85, 32, 40, 28, 103, 69, 68, 67, 29, 66, 38, 105, 26, 81, 10, 104, 39, 73, 110, 27, 115, 116, 118, 108, 34, 117, 120, 80, 113, 58, 119, 121, 112, 12, 106, 114, 82, 37, 65, 35, 59, 107, 13], [17, 62, 43, 95, 93, 94, 42, 61, 79, 74, 49, 47, 33, 101, 89, 50, 45, 75, 25, 20, 76, 46, 60, 88, 44, 77, 96, 23, 78, 63, 64, 36, 15]]
routes_dist     -> mean: 698.27, best: 674.80, worst: 712.81, std: 8.61
routes_cost     -> mean: 1149.97, best: 1124.26, worst: 1163.19, std: 7.61
Best run index = 10
Best routes = [[0, 48, 97, 98, 24, 100, 99, 55, 56, 92, 86, 87, 41, 51, 91, 4, 72, 30, 102, 54, 71, 22, 90, 52, 109, 83, 31, 111, 84, 53, 7], [9, 57, 70, 85, 32, 40, 28, 103, 69, 68, 67, 29, 66, 38, 105, 26, 81, 10, 104, 39, 73, 110, 27, 115, 116, 118, 108, 34, 117, 120, 80, 113, 58, 119, 121, 112, 12, 106, 114, 82, 37, 65, 35, 59, 107, 13], [17, 62, 43, 95, 93, 94, 42, 61, 79, 74, 49, 47, 33, 101, 89, 50, 45, 75, 25, 20, 76, 46, 60, 88, 44, 77, 96, 23, 78, 63, 64, 36, 15]]
routes_dist     -> mean: 698.27, best: 674.80, worst: 712.81, std: 8.61
routes_cost     -> mean: 1149.97, best: 1124.26, worst: 1163.19, std: 7.61
Best routes = [[0, 48, 97, 98, 24, 100, 99, 55, 56, 92, 86, 87, 41, 51, 91, 4, 72, 30, 102, 54, 71, 22, 90, 52, 109, 83, 31, 111, 84, 53, 7], [9, 57, 70, 85, 32, 40, 28, 103, 69, 68, 67, 29, 66, 38, 105, 26, 81, 10, 104, 39, 73, 110, 27, 115, 116, 118, 108, 34, 117, 120, 80, 113, 58, 119, 121, 112, 12, 106, 114, 82, 37, 65, 35, 59, 107, 13], [17, 62, 43, 95, 93, 94, 42, 61, 79, 74, 49, 47, 33, 101, 89, 50, 45, 75, 25, 20, 76, 46, 60, 88, 44, 77, 96, 23, 78, 63, 64, 36, 15]]
routes_dist     -> mean: 698.27, best: 674.80, worst: 712.81, std: 8.61
routes_cost     -> mean: 1149.97, best: 1124.26, worst: 1163.19, std: 7.61
 104, 39, 73, 110, 27, 115, 116, 118, 108, 34, 117, 120, 80, 113, 58, 119, 121, 112, 12, 106, 114, 82, 37, 65, 35, 59, 107, 13], [17, 62, 43, 95, 93, 94, 42, 61, 79, 74, 49, 47, 33, 101, 89, 50, 45, 75, 25, 20, 76, 46, 60, 88, 44, 77, 96, 23, 78, 63, 64, 36, 15]]
routes_dist     -> mean: 698.27, best: 674.80, worst: 712.81, std: 8.61
routes_cost     -> mean: 1149.97, best: 1124.26, worst: 1163.19, std: 7.61
dispatch_cost   -> mean: 360.00, best: 360.00, worst: 360.00, std: 0.00
routes_dist     -> mean: 698.27, best: 674.80, worst: 712.81, std: 8.61
routes_cost     -> mean: 1149.97, best: 1124.26, worst: 1163.19, std: 7.61
dispatch_cost   -> mean: 360.00, best: 360.00, worst: 360.00, std: 0.00
travel_cost     -> mean: 426.03, best: 404.24, worst: 438.63, std: 6.89
service_cost    -> mean: 300.00, best: 300.00, worst: 300.00, std: 0.00
dispatch_cost   -> mean: 360.00, best: 360.00, worst: 360.00, std: 0.00
travel_cost     -> mean: 426.03, best: 404.24, worst: 438.63, std: 6.89
service_cost    -> mean: 300.00, best: 300.00, worst: 300.00, std: 0.00
travel_cost     -> mean: 426.03, best: 404.24, worst: 438.63, std: 6.89
service_cost    -> mean: 300.00, best: 300.00, worst: 300.00, std: 0.00
charging_cost   -> mean: 63.94, best: 60.02, worst: 68.17, std: 2.16
service_cost    -> mean: 300.00, best: 300.00, worst: 300.00, std: 0.00
charging_cost   -> mean: 63.94, best: 60.02, worst: 68.17, std: 2.16
routes_num_charge -> mean: 4.25, best: 3.00, worst: 6.00, std: 0.77
charging_cost   -> mean: 63.94, best: 60.02, worst: 68.17, std: 2.16
routes_num_charge -> mean: 4.25, best: 3.00, worst: 6.00, std: 0.77
routes_num_charge -> mean: 4.25, best: 3.00, worst: 6.00, std: 0.77
running_time    -> mean: 132.99, best: 79.43, worst: 424.82, std: 74.53
running_time    -> mean: 132.99, best: 79.43, worst: 424.82, std: 74.53





Instance: rc104_21
(venv) D:\02_Research\Project_python\GB_ACO>D:/02_Research/Project_python/GB_ACO/venv/Scripts/python.exe d:/02_Research/Project_python/GB_ACO/ablation/without_GB.py
0 1121.7908155700052
1 1122.7620862512197
2 1119.0692499267868
3 1117.6328558543496
4 1140.3307271420967
5 1119.718820494875
6 1119.50135874603
7 1117.8799618231494
8 1119.50135874603
9 1124.3041964333536
10 1117.4369465723694
11 1119.0692499267868
12 1118.4306089343854
13 1139.6874380494235
14 1122.3900582614833
15 1121.5536485906337
16 1122.6138329354737
17 1119.50135874603
18 1139.3011061782522
19 1120.6258820710277

===== Final Results over 20 runs =====
Best run index = 10
Best routes = [[13, 37, 36, 34, 30, 31, 32, 33, 35, 68, 38, 99, 94, 100, 81, 109, 74, 119, 90, 111, 1, 86, 103, 120, 73, 78, 107, 95, 108, 80, 118, 96, 79, 98, 15], [5, 57, 56, 58, 59, 60, 61, 64, 65, 63, 62, 93, 75, 117, 102, 82, 89, 76, 121, 91, 6, 22, 24, 26, 66, 67, 25, 23, 27, 28, 29, 9], [15, 46, 44, 42, 69, 39, 40, 70, 43, 45, 41, 72, 97, 110, 84, 106, 105, 116, 77, 85, 16, 104, 87, 112, 101, 113, 115, 114, 92, 88, 83, 71, 55, 52, 50, 48, 47, 49, 51, 53, 54, 19]]
routes_dist     -> mean: 671.84, best: 663.89, worst: 693.16, std: 8.58
routes_cost     -> mean: 1123.16, best: 1117.44, worst: 1140.33, std: 7.21
dispatch_cost   -> mean: 360.00, best: 360.00, worst: 360.00, std: 0.00
travel_cost     -> mean: 401.42, best: 397.31, worst: 414.12, std: 5.26
service_cost    -> mean: 300.00, best: 300.00, worst: 300.00, std: 0.00
charging_cost   -> mean: 61.74, best: 59.84, worst: 67.09, std: 1.98
routes_num_charge -> mean: 3.15, best: 3.00, worst: 4.00, std: 0.36
running_time    -> mean: 130.64, best: 87.14, worst: 250.68, std: 46.52





Instance: c204_21
(venv) D:\02_Research\Project_python\GB_ACO>D:/02_Research/Project_python/GB_ACO/venv/Scripts/python.exe d:/02_Research/Project_python/GB_ACO/ablation/without_GB.py
0 1056.5043540387135
1 1047.1824223630692
2 1054.8390980924003
3 1048.2230389152196
4 1051.5743202353706
5 1060.5837315031185
6 1052.6110064326192
7 1048.2165385720818
8 1053.5921672258817
9 1049.7287299942325
10 1053.2528056581532
11 1052.0315528270348
12 1050.2875505751076
13 1050.755657879556
14 1051.96679861141
15 1060.05045515653
16 1050.7772125386846
17 1053.961054563024
18 1054.609423325314
19 1049.1800168665325


===== Final Results over 20 runs =====
Best run index = 1
Best routes = [[13, 58, 59, 60, 57, 55, 54, 53, 52, 56, 27, 50, 51, 48, 45, 43, 41, 42, 29, 31, 32, 30, 8, 36, 37, 35, 33, 40, 39, 38, 34, 46, 44, 47, 49, 11], [21, 106, 97, 92, 91, 94, 100, 101, 102, 99, 98, 108, 117, 111, 107, 105, 104, 103, 2, 109, 112, 110, 25, 24, 28, 119, 116, 115, 113, 118, 121, 120, 22, 23, 96, 26, 114, 0], [15, 81, 79, 77, 74, 75, 80, 78, 76, 70, 86, 89, 85, 82, 93, 95, 83, 87, 90, 88, 84, 69, 64, 68, 14, 73, 71, 72, 66, 63, 62, 67, 65, 61, 15]]
routes_dist     -> mean: 580.25, best: 571.07, worst: 591.68, std: 5.66
routes_cost     -> mean: 1052.50, best: 1047.18, worst: 1060.58, std: 3.52
dispatch_cost   -> mean: 360.00, best: 360.00, worst: 360.00, std: 0.00
travel_cost     -> mean: 350.69, best: 346.08, worst: 356.43, std: 2.48
service_cost    -> mean: 300.00, best: 300.00, worst: 300.00, std: 0.00
charging_cost   -> mean: 41.81, best: 39.66, worst: 44.83, std: 1.58
routes_num_charge -> mean: 3.00, best: 3.00, worst: 3.00, std: 0.00
running_time    -> mean: 134.09, best: 75.88, worst: 216.13, std: 43.50





Instance: r204_21
(venv) D:\02_Research\Project_python\GB_ACO>D:/02_Research/Project_python/GB_ACO/venv/Scripts/python.exe d:/02_Research/Project_python/GB_ACO/ablation/without_GB.py
0 1149.3298977046632
1 1136.2526545033124
2 1150.1505823960997
3 1153.800760874476
4 1145.0423470489732
5 1151.5876701497552
6 1147.13264730139
7 1141.8897677279142
8 1150.6967003938148
9 1156.2916828278578
10 1143.0432314218683
11 1155.349730912529
12 1129.966560735066
13 1154.2008109428928
14 1140.8081303983356
15 1143.3908446217145
16 1152.8561925599076
17 1147.2006171508804
18 1149.1535804046293
19 1151.758683222314


===== Final Results over 20 runs =====
Best run index = 12
Best routes = [[0, 48, 90, 22, 71, 97, 98, 24, 100, 99, 55, 56, 86, 87, 92, 30, 102, 54, 72, 4, 41, 51, 91, 52, 31, 83, 32, 40, 70, 85, 84, 111, 53, 7], [13, 38, 105, 26, 81, 104, 39, 73, 109, 28, 103, 69, 68, 57, 67, 29, 66, 82, 12, 37, 107, 65, 59, 35, 63, 108, 118, 116, 14, 115, 27, 110, 34, 117, 120, 80, 113, 58, 119, 114, 106, 112, 121, 15], [17, 62, 43, 95, 93, 94, 42, 61, 25, 77, 96, 44, 88, 60, 46, 20, 76, 75, 45, 50, 89, 101, 33, 47, 49, 74, 79, 23, 78, 36, 64, 15]]
routes_dist     -> mean: 693.75, best: 683.79, worst: 713.23, std: 8.00
routes_cost     -> mean: 1147.50, best: 1129.97, worst: 1156.29, std: 6.57
dispatch_cost   -> mean: 360.00, best: 360.00, worst: 360.00, std: 0.00
travel_cost     -> mean: 424.75, best: 403.72, worst: 437.74, std: 7.17
service_cost    -> mean: 300.00, best: 300.00, worst: 300.00, std: 0.00
charging_cost   -> mean: 62.75, best: 58.56, worst: 67.77, std: 2.75
routes_num_charge -> mean: 4.50, best: 3.00, worst: 6.00, std: 0.87
running_time    -> mean: 114.29, best: 78.55, worst: 214.50, std: 38.93





Instance: rc204_21
(venv) D:\02_Research\Project_python\GB_ACO>D:/02_Research/Project_python/GB_ACO/venv/Scripts/python.exe d:/02_Research/Project_python/GB_ACO/ablation/without_GB.py
0 1117.7613331357707
1 1118.193441955014
2 1120.3944092186352
3 1119.153712788111
4 1119.442456373683
5 1119.7385257254016
6 1120.1242949792222
7 1120.1242949792222
8 1120.1242949792222
9 1118.8505733077823
10 1129.6789582607157
11 1119.50135874603
12 1119.50135874603
13 1122.3900582614833
14 1119.7385257254016
15 1119.189156305053
16 1120.3944092186352
17 1116.1990407717005
18 1119.4916058623426
19 1117.6902241919854


===== Final Results over 20 runs =====
Best run index = 17
Best routes = [[13, 37, 36, 34, 30, 31, 32, 33, 35, 68, 38, 99, 94, 100, 81, 109, 74, 119, 90, 111, 1, 86, 103, 120, 73, 78, 107, 95, 108, 80, 118, 96, 79, 98, 15], [5, 56, 57, 58, 59, 60, 61, 64, 65, 63, 62, 93, 75, 117, 102, 82, 89, 76, 121, 91, 23, 8, 22, 24, 26, 66, 25, 67, 29, 28, 27, 9], [17, 39, 69, 42, 44, 46, 40, 70, 43, 45, 41, 72, 97, 110, 84, 106, 105, 116, 77, 85, 16, 104, 87, 101, 112, 113, 115, 114, 92, 88, 83, 71, 55, 52, 50, 48, 47, 49, 51, 53, 54, 19]]
routes_dist     -> mean: 668.08, best: 663.34, worst: 679.31, std: 3.00
routes_cost     -> mean: 1119.88, best: 1116.20, worst: 1129.68, std: 2.56
dispatch_cost   -> mean: 360.00, best: 360.00, worst: 360.00, std: 0.00
travel_cost     -> mean: 399.00, best: 396.32, worst: 406.66, std: 1.99
service_cost    -> mean: 300.00, best: 300.00, worst: 300.00, std: 0.00
charging_cost   -> mean: 60.88, best: 59.88, worst: 63.02, std: 0.59
routes_num_charge -> mean: 3.00, best: 3.00, worst: 3.00, std: 0.00
running_time    -> mean: 142.60, best: 80.96, worst: 227.99, std: 43.70
